 TEMPERATURES: [300.0]
 LAMBDAS:      [0.00, 0.05, 0.10, 0.15, 0.20, 0.25, 0.30, 0.35, 0.40, 0.45, 0.50, 0.50, 0.55, 0.60, 0.65, 0.70, 0.75, 0.80, 0.85, 0.90, 0.95, 1.00]
 DIRECTION:    [   1,    1,    1,    1,    1,    1,    1,    1,    1,    1,    1,   -1,   -1,   -1,   -1,   -1,   -1,   -1,   -1,   -1,   -1,   -1]
 INTERMEDIATE: [   0,    0,    0,    0,    0,    0,    0,    0,    0,    0,    1,    1,    0,    0,    0,    0,    0,    0,    0,    0,    0,    0]
 LAMBDA1:      [0.00, 0.00, 0.00, 0.00, 0.00, 0.00, 0.10, 0.20, 0.30, 0.40, 0.50, 0.50, 0.40, 0.30, 0.20, 0.10, 0.00, 0.00, 0.00, 0.00, 0.00, 0.00]
 LAMBDA2:      [0.00, 0.10, 0.20, 0.30, 0.40, 0.50, 0.50, 0.50, 0.50, 0.50, 0.50, 0.50, 0.50, 0.50, 0.50, 0.50, 0.50, 0.40, 0.30, 0.20, 0.10, 0.00]
 ALPHA:        [0.10, 0.10, 0.10, 0.10, 0.10, 0.10, 0.10, 0.10, 0.10, 0.10, 0.10, 0.10, 0.10, 0.10, 0.10, 0.10, 0.10, 0.10, 0.10, 0.10, 0.10, 0.10]
 U0:           [110., 110., 110., 110., 110., 110., 110., 110., 110., 110., 110., 110., 110., 110., 110., 110., 110., 110., 110., 110., 110., 110.]
 W0COEFF:      [   0,    0,    0,    0,    0,    0,    0,    0,    0,    0,    0,    0,    0,    0,    0,    0,    0,    0,    0,    0,    0,    0]
 WALL_TIME: 1440
 CYCLE_TIME: 10
 CHECKPOINT_TIME: 1200
 SUBJOBS_BUFFER_SIZE: 1.0
 PRODUCTION_STEPS: 10000
 PRNT_FREQUENCY:   10000
 TRJ_FREQUENCY:    20000
 CM_KF: 25.00
 CM_TOL: 5
 POSRE_FORCE_CONSTANT: 0.0
 POSRE_TOLERANCE: 3.5
 UMAX: 200.00
 ACORE: 0.062500
 UBCORE: 100.0
 FRICTION_COEFF: 0.500000
 HMASS: 1.5
 TIME_STEP: 0.004
 VERBOSE: False
 LIGAND_FORCE_FIELD: gaff
 GHOST_MASS: 12.011
